* all encodings
** Eqn. 6 LHS: 0.4479166666666667
*** Data
      0     1
0  0.06  0.35
1  0.10  0.48
*** Trace
      0     1     2
0  0.03  0.41  0.44
1  0.11  0.45  0.56
2  0.14  0.86  0.06
** Eqn. 6 RHS: 0.4479166666666667
*** Data
      0     1
0  0.02  0.12
1  0.44  0.42
*** Trace
      0     1     2
0  0.03  0.41  0.44
1  0.11  0.45  0.56
2  0.14  0.86 -0.06
* A encodings
** Eqn. 6 LHS: 0.41666666666666663
*** Data
      0     1
0  0.04  0.38
1  0.08  0.50
*** Trace
      0     1     2
0  0.01  0.47  0.49
1  0.10  0.42  0.51
2  0.11  0.89  0.17
** Eqn. 6 RHS: 0.41666666666666663
*** Data
      0     1
0  0.04  0.08
1  0.54  0.33
*** Trace
      0     1     2
0  0.01  0.47  0.49
1  0.10  0.42  0.51
2  0.11  0.89 -0.17
* R encodings
** Eqn. 6 LHS: 0.5
*** Data
      0     1
0  0.08  0.33
1  0.12  0.46
*** Trace
      0     1     2
0  0.02  0.36  0.38
1  0.12  0.50  0.62
2  0.14  0.86 -0.08
** Eqn. 6 RHS: 0.5
*** Data
      0     1
0  0.00  0.12
1  0.33  0.54
*** Trace
      0     1     2
0  0.02  0.36  0.38
1  0.12  0.50  0.62
2  0.14  0.86  0.08
